name

bc3

rgb32

v:=(v==0)?255:((v==1)?(255<<16):(4294967295))

center

0 0 0
0 1 0
0 0 0

n_in

1 1 1
1 1 1
1 1 1

n_out

0 0 0
0 1 0
0 0 0

group

rotate

mirror

t

0 0 0
2 0 0
0 0 0

2

t

0 0 0
1 2 2
0 0 0

1

t

0 0 0
0 1 1
0 0 0

0

t

0 0 2
2 0 0
0 0 2

2

t

0 2 1
2 0 0
0 2 1

2

t

2 1 1
2 0 0
2 1 1

2

t

0 0 2
1 2 2
0 0 2

1

t

0 2 1
1 2 2
0 2 1

1

t

2 1 1
1 2 2
2 1 1

1

t

0 0 2
0 1 1
0 0 2

0

t

0 2 1
0 1 1
0 2 1

0

t

2 1 1
0 1 1
2 1 1

0

t

1 1 1
2 0 0
1 1 1

2

t

1 1 1
1 2 2
1 1 1

1

t

1 1 1
0 1 1
1 1 1

0

t

1 2 1
1 0 1
0 0 0

2

t

1 2 1
0 0 0
0 0 0

2

t

1 1 1
1 2 1
0 2 0

1

t

1 1 1
0 2 0
0 2 0

1

t

1 0 1
1 1 1
0 1 0

0

t

1 0 1
0 1 0
0 1 0

0

t

1 1 2
2 0 0
1 1 2

2

t

1 2 0
2 0 0
1 2 0

2

t

1 1 1
2 0 0
1 1 2

2

t

1 1 2
2 0 0
1 2 0

2

t

2 0 2
2 0 2
2 0 2

2

t

1 2 2
2 0 2
2 0 2

2

t

1 0 1
2 0 2
1 2 2

2

t

1 1 2
1 2 2
1 1 2

1

t

1 2 0
1 2 2
1 2 0

1

t

2 2 2
1 2 2
2 2 2

1

t

1 1 2
1 2 2
1 2 0

1

t

1 1 1
1 2 2
1 1 2

1

t

1 2 1
2 2 2
0 1 2

1

t

1 2 2
1 2 2
2 2 2

1

t

0 0 2
2 1 2
1 1 1

0

t

1 1 1
0 1 1
1 1 2

0

t

1 1 2
0 1 1
1 2 2

0

t

1 2 2
0 1 2
2 1 2

0

t

2 1 2
0 1 2
2 1 2

0

t

1 1 2
0 1 1
1 1 2

0

t

1 2 2
0 1 1
1 2 2

0

t

1 2 1
1 0 1
0 0 2

2

t

1 2 1
0 0 2
0 0 0

2

t

0 2 2
0 0 0
0 2 2

2

t

1 2 1
2 0 0
1 2 1

2

t

1 1 1
1 2 1
0 2 2

1

t

1 1 1
0 2 2
0 2 0

1

t

0 2 2
0 2 2
1 1 1

1

t

0 1 2
0 2 2
0 1 2

1

t

1 0 1
1 1 1
0 1 2

0

t

1 0 1
0 1 2
0 1 2

0

t

2 0 2
2 0 0
2 0 0

2

t

1 1 1
0 2 2
2 0 0

1

t

2 0 1
1 2 0
2 0 0

1

t

1 0 1
0 1 2
1 0 0

0

t

1 2 0
0 1 0
1 2 0

0

t

1 1 2
0 1 0
1 1 2

0

t

1 1 1
0 1 0
1 1 1

0

t

1 1 1
2 0 0
1 2 0

2

t

1 1 2
2 0 0
2 0 2

2

t

1 1 1
1 2 2
1 2 0

1

t

1 1 2
1 2 2
2 2 2

1

t

1 2 1
1 2 2
1 2 1

1

t

1 0 1
0 1 2
0 1 1

0

t

1 1 1
0 1 1
1 2 2

0

t

1 2 1
1 1 0
1 2 1

0

t

1 1 2
0 1 0
2 1 2

0

t

1 2 1
2 0 2
0 0 2

2

t

2 2 2
0 0 2
2 0 2

2

t

1 2 1
0 0 2
1 2 0

2

t

1 1 1
2 2 2
0 2 2

1

t

2 1 2
2 2 2
2 0 2

1

t

2 0 2
1 1 2
2 0 2

0

t

1 1 1
0 2 2
2 2 2

1

t

0 1 2
2 2 2
0 1 2

1

t

0 1 2
2 1 1
0 1 2

0

t

1 0 2
0 0 0
2 2 2

2

t

1 0 2
0 2 2
2 1 2

1

t

0 1 2
2 1 2
1 0 1

0

t

1 0 2
0 1 1
2 0 2

0

t

1 1 0
2 0 0
1 2 0

2

t

1 1 0
1 2 0
1 2 2

1

t

1 0 0
2 2 2
1 1 1

1

t

1 0 0
2 1 2
1 0 1

0

t

1 1 0
1 1 0
1 2 0

0

t

1 1 1
1 1 0
1 1 2

0



