name

st

rgb32

v:=(v==0)?4294967295:((v==1)?((1<<23)+(1<<15)+(1<<7)):(255<<16+255<<8))

center

0 0 0 0 0
0 0 0 0 0
0 0 1 0 0
0 0 0 0 0
0 0 0 0 0

n_in

0 0 1 0 0
0 0 1 0 0
1 1 0 1 1
0 0 1 0 0
0 0 1 0 0

n_out

0 0 1 0 0
0 0 1 0 0
1 1 0 1 1
0 0 1 0 0
0 0 1 0 0

group

rotate

t

0 0 1 0 0
0 0 0 0 0
0 0 0 0 0
0 0 0 0 0
0 0 0 0 0

0 0 0 0 0
0 0 0 0 0
0 0 0 0 0
0 0 1 0 0
0 0 0 0 0

t

0 0 1 0 0
0 0 1 0 0
0 0 0 0 0
0 0 0 0 0
0 0 1 0 0

0 0 1 0 0
0 0 1 0 0
0 0 0 1 0
0 0 0 0 0
0 0 0 0 0

t

0 0 1 0 0
0 0 1 0 0
0 0 0 0 1
0 0 0 0 0
0 0 0 0 0

0 0 1 0 0
0 0 1 0 0
0 0 0 0 0
0 0 1 0 0
0 0 0 0 0

t

0 0 1 0 0
0 0 1 0 0
1 1 0 0 0
0 0 0 0 0
0 0 1 0 0

0 0 0 0 0
0 0 1 0 0
0 0 0 1 1
0 0 1 0 0
0 0 1 0 0

t

0 0 1 0 0
0 0 0 0 0
1 0 0 0 0
0 0 0 0 0
0 0 0 0 0

0 0 0 0 0
0 0 0 0 0
0 0 0 1 0
0 0 1 0 0
0 0 0 0 0

group

t

0 0 1 0 0
0 0 1 0 0
1 1 0 1 1
0 0 0 0 0
0 0 0 0 0

0 0 1 0 0
0 0 1 0 0
0 0 0 0 0
0 0 1 0 0
0 0 1 0 0

t

0 0 1 0 0
0 0 1 0 0
0 0 0 0 0
0 0 1 0 0
0 0 1 0 0

0 0 1 0 0
0 0 1 0 0
1 1 0 1 1
0 0 0 0 0
0 0 0 0 0

t

0 0 1 0 0
0 0 1 0 0
1 1 0 1 1
0 0 0 0 0
0 0 1 0 0

0 0 1 0 0
0 0 1 0 0
0 1 0 1 0
0 0 1 0 0
0 0 1 0 0

t

0 0 1 0 0
0 0 1 0 0
1 0 0 0 1
0 0 1 0 0
0 0 1 0 0

0 0 1 0 0
0 0 1 0 0
1 1 0 1 1
0 0 1 0 0
0 0 0 0 0



