name

Synchronisierung mit Clearline

rgb32

v:=(v==0)?255:((v==1)?(255<<16):(4294967295))

grid

0 0 0 0 0 0 0 0 0 0 0 0 0 0 0 0 0 0 0 0 0 0 0 0 0 0
0 0 0 0 0 0 0 0 0 0 0 0 0 1 0 0 0 1 0 0 0 0 0 0 0 0
0 0 0 0 0 0 0 0 0 0 0 0 0 0 2 0 2 0 0 0 0 0 0 0 0 0
0 0 0 0 0 0 0 0 0 0 0 0 0 1 1 0 1 1 0 0 0 0 0 0 0 0
0 0 0 0 0 0 0 0 0 0 0 0 0 0 1 0 1 0 0 0 0 0 0 0 0 0
0 0 0 0 0 0 0 0 0 0 0 0 0 0 1 -1 1 0 0 0 0 0 0 0 0 0
0 0 1 0 1 0 0 0 0 0 1 0 0 2 1 -1 1 0 0 0 0 0 1 0 0 0
0 0 0 2 1 1 1 1 1 1 2 1 1 2 0 0 2 1 1 1 1 1 1 0 0 0
0 0 0 0 0 -3 -3 0 0 0 0 0 0 0 0 0 0 0 0 0 0 0 0 0 0 0
0 0 0 2 1 1 1 1 2 0 2 1 1 2 0 0 2 1 1 1 1 1 1 0 0 0
0 0 1 0 1 0 0 0 1 0 1 0 0 2 1 0 1 0 0 0 0 0 1 0 0 0
0 0 0 0 0 0 0 0 1 0 1 0 0 0 1 -2 1 0 0 0 0 0 0 0 0 0
0 0 0 0 0 0 0 0 1 0 1 0 0 0 1 -2 1 0 0 0 0 0 0 0 0 0
0 0 0 0 0 0 0 1 1 0 1 1 0 1 1 0 1 1 0 0 0 0 0 0 0 0
0 0 0 0 0 0 0 0 2 0 2 0 0 0 2 0 2 0 0 0 0 0 0 0 0 0
0 0 0 0 0 0 0 1 0 0 0 1 0 1 0 0 0 1 0 0 0 0 0 0 0 0
0 0 0 0 0 0 0 0 0 0 0 0 0 0 0 0 0 0 0 0 0 0 0 0 0 0
0 0 0 0 0 0 0 0 0 0 0 0 0 0 0 0 0 0 0 0 0 0 0 0 0 0
0 0 0 0 0 0 0 0 0 0 0 0 0 0 0 0 0 0 0 0 0 0 0 0 0 0
0 0 0 0 0 0 0 0 0 0 0 0 0 0 0 0 0 0 0 0 0 0 0 0 0 0
0 0 0 0 0 0 0 0 0 0 0 0 0 0 0 0 0 0 0 0 0 0 0 0 0 0

unite

4

1 2 3

initial

4

1
2

2
1

0 0

4

1
2

0
0

1 2

4

0
0

2
1

1 2

end

