name

IRT RT a

rgb32

v:=(v==0)?255:((v==1)?(255<<16):(4294967295))

grid

2 2 0 2 2 0 2 2 0 2 2 0 2 2 0 2 2 0 2 2 0 2 2
2 2 0 2 2 0 2 2 0 2 2 0 2 2 0 2 2 0 2 2 0 2 2
0 0 0 0 0 0 0 0 0 0 0 0 0 0 0 0 0 0 0 0 0 0 0
2 2 0 2 2 0 2 2 0 2 2 1 2 2 0 2 2 0 2 2 0 2 2
2 2 0 2 2 0 2 2 0 2 2 1 2 2 0 2 2 0 2 2 0 2 2
0 0 0 0 0 0 0 0 0 0 0 0 0 0 0 0 0 0 1 1 0 0 0
2 2 0 2 2 0 2 2 0 2 2 0 2 2 0 2 2 0 2 2 0 2 2
2 2 0 2 2 0 2 2 0 2 2 0 2 2 0 2 2 0 2 2 0 2 2
0 0 0 0 0 0 1 1 0 0 0 0 0 0 0 0 0 0 0 0 0 0 0
2 2 0 2 2 1 2 2 0 2 2 0 2 2 0 2 2 1 2 2 0 2 2
2 2 0 2 2 1 2 2 0 2 2 0 2 2 0 2 2 1 2 2 0 2 2
0 0 0 0 0 0 0 0 0 0 0 0 0 0 0 1 1 0 0 0 0 0 0
2 2 0 2 2 0 2 2 0 2 2 0 2 2 0 2 2 0 2 2 0 2 2
2 2 0 2 2 0 2 2 0 2 2 0 2 2 0 2 2 0 2 2 0 2 2
0 0 0 0 0 0 0 0 0 0 0 0 1 1 0 0 0 0 0 0 0 0 0
2 2 0 2 2 0 2 2 0 2 2 1 2 2 0 2 2 0 2 2 0 2 2
2 2 0 2 2 0 2 2 0 2 2 1 2 2 0 2 2 0 2 2 0 2 2
0 0 0 1 1 0 0 0 0 0 0 0 0 0 0 0 0 0 0 0 0 0 -1
2 2 0 2 2 0 2 2 0 2 2 0 2 2 0 2 2 0 2 2 0 2 2
2 2 0 2 2 0 2 2 0 2 2 0 2 2 0 2 2 0 2 2 0 2 2
0 0 0 0 0 0 0 0 0 1 1 0 0 0 0 0 0 0 0 0 0 0 0
2 2 0 2 2 0 2 2 0 2 2 0 2 2 0 2 2 1 2 2 0 2 2
2 2 0 2 2 0 2 2 0 2 2 0 2 2 0 2 2 1 2 2 0 2 2
0 0 0 0 0 0 0 0 0 0 0 0 0 0 0 0 0 0 0 0 0 0 0
2 2 0 2 2 0 2 2 0 2 2 0 2 2 0 2 2 0 2 2 0 2 2
2 2 0 2 2 0 2 2 0 2 2 0 2 2 0 2 2 0 2 2 0 2 2

unite

4

1 2 3

initial

3

1

0

0

3

0

1

1

end
