name

Fork and Join

rgb32

v:=(v==0)?4294967295:((v==1)?((1<<23)+(1<<15)+(1<<7)):(255<<16+255<<8))

grid

2 2 0 2 2 0 2 2 0 2 2 0 2 2 0 2 2 0 2 2 0 2 2 0 2 2
2 2 0 2 2 0 2 2 0 2 2 0 2 2 0 2 2 0 2 2 0 2 2 0 2 2
0 0 0 0 0 0 0 0 0 0 0 0 0 0 0 0 0 0 0 0 0 0 0 0 0 0
2 2 0 2 2 0 2 2 -2 2 2 0 2 2 1 2 2 0 2 2 0 2 2 0 2 2
2 2 0 2 2 0 2 2 0 2 2 0 2 2 1 2 2 0 2 2 0 2 2 0 2 2
0 0 0 0 0 0 0 0 0 0 0 0 0 0 0 0 0 0 0 0 0 1 1 0 0 0
2 2 0 2 2 1 2 2 0 2 2 1 2 2 0 2 2 0 2 2 0 2 2 0 2 2
2 2 0 2 2 1 2 2 0 2 2 1 2 2 0 2 2 0 2 2 0 2 2 0 2 2
0 0 0 0 0 0 0 0 0 1 1 -4 1 1 0 0 0 0 0 0 0 0 0 0 0 0
2 2 0 2 2 0 2 2 0 2 2 0 2 2 0 2 2 0 2 2 1 2 2 0 2 2
2 2 0 2 2 0 2 2 0 2 2 0 2 2 0 2 2 0 2 2 1 2 2 0 2 2
0 0 0 -1 0 0 0 0 0 0 0 0 0 0 0 0 0 0 1 1 0 0 0 0 0 0
2 2 0 2 2 0 2 2 0 2 2 0 2 2 0 2 2 0 2 2 0 2 2 0 2 2
2 2 0 2 2 0 2 2 0 2 2 0 2 2 0 2 2 0 2 2 0 2 2 0 2 2
0 0 0 1 1 0 0 0 0 0 0 0 0 0 0 0 0 0 0 0 0 0 0 0 0 0
2 2 0 2 2 0 2 2 1 2 2 0 2 2 0 2 2 0 2 2 0 2 2 0 2 2
2 2 0 2 2 0 2 2 1 2 2 0 2 2 0 2 2 0 2 2 0 2 2 0 2 2
0 0 0 0 0 0 0 0 0 1 1 0 0 0 0 0 0 0 0 0 0 0 0 0 0 0
2 2 0 2 2 0 2 2 0 2 2 0 2 2 0 2 2 1 2 2 0 2 2 0 2 2
2 2 0 2 2 0 2 2 0 2 2 0 2 2 -3 2 2 1 2 2 0 2 2 0 2 2
0 0 0 0 0 0 0 0 0 0 0 0 0 0 0 0 0 0 0 0 0 0 0 0 0 0
2 2 0 2 2 0 2 2 0 2 2 0 2 2 0 2 2 0 2 2 0 2 2 0 2 2
2 2 0 2 2 0 2 2 0 2 2 0 2 2 0 2 2 0 2 2 0 2 2 0 2 2

unite

5

1 2 3 4

initial

5

1

0

0

0

5

0

1

1

0

end
